





















00000101
00001001
00011
001
01111
100001
1001
1001
01000000000111000111
001111010010010001001
000100010000010001
000010000000010001
000010100000010001

00011100000111000111
0001100000001000001
0001110000001111111
00000000000100000001
000010100011111111111
000100100100000000000011
0001000001111111111110001
00010001000000000000010001
00001000111111111111000001
00000110000000000001001001
0000000011111111111000101
000000000100000001
00000000001111111000000111
00000000001000001000000011
00000000011100011100000111

0000000000010001000000101
0000000000010001000000001
00000000000100010000010001
000000001001000100100101111
0000000001110001110000000001
00000000000000000000000001001
00000000000000000000000001001
00000000000000000000000100001
0000000000000000000000001111
000000000000000000000000001
00000000000000000000000011
0000000000000000000001001
000000000000000000000101






















